57.7278 176.744
57.9106 176.46
58.0662 176.176
58.214 175.861
58.3409 175.545
58.4616 175.198
58.5659 174.85
58.6653 174.469
58.7518 174.088
58.7518 174.088
58.8343 173.674
58.9065 173.259
58.9755 172.81
59.0362 172.362
59.0362 172.362
59.0943 171.879
59.1457 171.397
59.1949 170.881
59.2387 170.366
59.2806 169.816
59.3181 169.268
59.3379 168.955
59.3719 168.373
59.4025 167.795
59.4319 167.184
59.4586 166.575
59.4842 165.935
59.5075 165.298
59.5298 164.631
59.5502 163.968
59.5699 163.274
59.588 162.585
59.6054 161.868
59.6213 161.156
59.6368 160.415
59.651 159.681
59.6648 158.919
59.6775 158.164
59.6898 157.382
59.7012 156.609
59.7123 155.809
59.7226 155.02
59.7326 154.206
59.7419 153.403
59.7509 152.575
59.7594 151.759
59.7619 151.507
59.77 150.667
59.7776 149.841
59.785 148.988
59.792 148.149
61.2583 151.518
61.2665 150.678
61.2742 149.852
61.2817 148.999
61.2888 148.161
62.0062 172.379
62.0661 171.897
62.1192 171.416
62.1699 170.9
62.2151 170.385
62.2583 169.836
62.297 169.289
62.3175 168.976
62.3525 168.395
62.3841 167.817
62.4144 167.207
62.4419 166.599
62.4683 165.96
62.4923 165.323
62.5154 164.657
62.5364 163.995
62.5567 163.302
62.5754 162.614
62.5933 161.897
62.6097 161.186
62.6257 160.446
62.6403 159.712
62.6545 158.951
62.6676 158.197
62.6803 157.416
62.6921 156.643
62.7035 155.844
62.7141 155.055
62.7244 154.242
62.734 153.44
62.7434 152.612
62.7521 151.797
62.755 151.512
62.7633 150.673
62.7711 149.846
62.7788 148.993
62.7859 148.154
63.6863 174.122
63.7732 173.708
63.8494 173.296
63.922 172.848
63.9861 172.402
64.2517 151.523
64.2601 150.684
64.268 149.857
64.2758 149.004
64.2831 148.166
64.9815 172.376
65.0425 176.788
65.0429 171.893
65.0974 171.411
65.1494 170.894
65.1958 170.379
65.2401 169.829
65.2411 176.506
65.2798 169.282
65.3007 168.968
65.3366 168.387
65.369 167.808
65.4001 167.197
65.4101 176.225
65.4283 166.588
65.4553 165.948
65.48 165.311
65.5036 164.644
65.5252 163.981
65.546 163.287
65.565 162.598
65.5705 175.912
65.5834 161.88
65.6003 161.168
65.6166 160.427
65.6316 159.693
65.6461 158.931
65.6596 158.176
65.6726 157.394
65.6847 156.62
65.6964 155.821
65.7072 155.031
65.708 175.6
65.7178 154.217
65.7276 153.414
65.7372 152.586
65.7461 151.77
65.7487 151.518
65.7573 150.678
65.7653 149.852
65.7731 148.998
65.7805 148.159
65.8388 175.255
65.9519 174.91
66.0595 174.533
66.1531 174.155
67.2458 151.529
67.2544 150.689
67.2625 149.863
67.2705 149.009
67.2779 148.171
67.9568 172.393
68.0198 171.911
68.0756 171.429
68.1289 170.913
68.1764 170.399
68.2218 169.85
68.2625 169.303
68.284 168.989
68.3207 168.409
68.3539 167.831
68.3858 167.22
68.4146 166.613
68.4423 165.973
68.4676 165.337
68.4918 164.671
68.5139 164.009
68.5352 163.315
68.5547 162.627
68.5735 161.91
68.5908 161.198
68.6075 160.458
68.6229 159.725
68.6378 158.963
68.6402 174.111
68.6515 158.209
68.6649 157.428
68.6772 156.655
68.6892 155.856
68.7003 155.067
68.7111 154.254
68.7212 153.451
68.7304 173.697
68.731 152.624
68.7401 151.808
68.7432 151.523
68.7432 151.523
68.7519 150.683
68.7601 149.857
68.7601 149.857
68.7681 149.003
68.7681 149.003
68.7756 148.165
68.8094 173.282
68.8847 172.833
68.951 172.385
70.2405 151.534
70.2494 150.695
70.2576 149.868
70.2658 149.015
70.2733 148.176
70.9377 172.39
71.0019 171.907
71.0587 171.425
71.1131 170.908
71.1615 170.393
71.2078 169.843
71.2492 169.296
71.2711 168.982
71.3085 168.401
71.3424 167.822
71.3748 167.211
71.4042 166.602
71.4324 165.962
71.4581 165.324
71.4827 164.657
71.5052 163.995
71.5269 163.3
71.5468 162.611
71.566 161.893
71.5835 161.181
71.6005 160.44
71.6162 159.706
71.6314 158.943
71.6454 158.189
71.6589 157.406
71.6715 156.633
71.6837 155.833
71.695 155.043
71.706 154.229
71.7163 153.426
71.7262 152.597
71.7355 151.781
71.7383 151.529
71.7472 150.689
71.7555 149.862
71.7637 149.009
71.7714 148.17
72.4377 176.779
72.6459 176.495
72.8229 176.211
72.9908 175.896
73.1346 175.581
73.236 151.54
73.245 150.7
73.2534 149.874
73.2617 149.02
73.2694 148.181
73.2713 175.233
73.3893 174.885
73.5017 174.504
73.594 174.146
73.5994 174.124
73.6875 173.732
73.7692 173.32
73.8472 172.872
73.9159 172.426
73.9185 172.408
73.984 171.925
74.0419 171.444
74.0972 170.928
74.1465 170.413
74.1937 169.864
74.2359 169.317
74.2582 169.004
74.2963 168.423
74.3308 167.845
74.3638 167.235
74.3937 166.627
74.4224 165.987
74.4486 165.351
74.4737 164.684
74.4966 164.022
74.5187 163.329
74.5389 162.64
74.5584 161.923
74.5763 161.212
74.5936 160.472
74.6095 159.738
74.625 158.976
74.6392 158.222
74.653 157.44
74.6658 156.667
74.6782 155.868
74.6898 155.079
74.701 154.266
74.7114 153.463
74.7215 152.635
74.731 151.82
74.7341 151.535
74.7341 151.535
74.7432 150.695
74.7432 150.695
74.7517 149.868
74.7517 149.868
74.76 149.014
74.76 149.014
74.7677 148.175
76.2322 151.546
76.2414 150.706
76.2499 149.879
76.2583 149.026
76.2661 148.187
76.9053 172.405
76.9053 172.405
76.9715 171.922
76.9715 171.922
77.0302 171.44
77.0302 171.44
77.0863 170.923
77.0863 170.923
77.1363 170.408
77.184 169.858
77.184 169.858
77.2267 169.31
77.2267 169.31
77.2493 168.996
77.2493 168.996
77.2879 168.415
77.2879 168.415
77.3228 167.836
77.3228 167.836
77.3562 167.225
77.3562 167.225
77.3865 166.616
77.4156 165.976
77.4156 165.976
77.4421 165.338
77.4421 165.338
77.4675 164.671
77.4907 164.008
77.513 163.314
77.513 163.314
77.5335 162.625
77.5335 162.625
77.5532 161.907
77.5532 161.907
77.5714 161.195
77.5714 161.195
77.5889 160.454
77.5889 160.454
77.605 159.719
77.605 159.719
77.6206 158.957
77.6206 158.957
77.635 158.202
77.635 158.202
77.649 157.419
77.649 157.419
77.662 156.645
77.662 156.645
77.6745 155.845
77.6745 155.845
77.6862 155.055
77.6862 155.055
77.6975 154.241
77.6975 154.241
77.708 153.438
77.708 153.438
77.7183 152.609
77.7183 152.609
77.7279 151.793
77.7279 151.793
77.7307 151.541
77.7399 150.7
77.7485 149.874
77.7569 149.02
77.7648 148.181
78.5689 174.136
78.6642 173.721
78.7476 173.307
78.8271 172.858
78.8971 172.41
79.2292 151.552
79.2384 150.712
79.247 149.885
79.2555 149.031
79.2634 148.192
79.8318 176.825
79.892 172.423
79.9591 171.94
80.0186 171.459
80.0498 176.544
80.0754 170.943
80.1259 170.428
80.1743 169.879
80.2176 169.332
80.2348 176.262
80.2404 169.018
80.2795 168.438
80.3148 167.86
80.3487 167.249
80.3793 166.641
80.4088 166.001
80.4103 175.949
80.4356 165.365
80.4613 164.698
80.4848 164.036
80.5074 163.343
80.5281 162.654
80.5481 161.937
80.5605 175.637
80.5664 161.225
80.5841 160.485
80.6004 159.751
80.6162 158.99
80.6308 158.235
80.645 157.453
80.6581 156.68
80.6708 155.881
80.6826 155.092
80.694 154.278
80.7032 175.292
80.7047 153.475
80.7151 152.647
80.7248 151.831
80.728 151.547
80.7373 150.706
80.7459 149.879
80.7545 149.025
80.7624 148.186
80.8264 174.947
80.9435 174.57
81.0453 174.192
82.2268 151.558
82.2362 150.718
82.2449 149.891
82.2534 149.037
82.2614 148.198
82.8847 172.42
82.9523 171.937
83.0123 171.455
83.0695 170.938
83.1204 170.423
83.1691 169.873
83.2127 169.325
83.2357 169.011
83.2751 168.43
83.3106 167.851
83.3447 167.239
83.3755 166.631
83.4052 165.99
83.4322 165.353
83.458 164.686
83.4817 164.023
83.5044 163.328
83.5253 162.639
83.5437 174.171
83.5454 161.921
83.5638 161.208
83.5817 160.467
83.5981 159.733
83.614 158.97
83.6287 158.215
83.6408 173.758
83.6429 157.432
83.6561 156.658
83.6689 155.858
83.6807 155.068
83.6923 154.254
83.703 153.45
83.7134 152.621
83.7232 151.805
83.7258 173.345
83.7261 151.553
83.7261 151.553
83.7354 150.712
83.7354 150.712
83.7441 149.885
83.7441 149.885
83.7527 149.031
83.7527 149.031
83.7607 148.192
83.8068 172.897
83.8782 172.451
85.2253 151.564
85.2346 150.724
85.2434 149.897
85.252 149.043
85.26 148.204
85.8774 172.438
85.9456 171.955
86.0059 171.474
86.0635 170.958
86.1148 170.443
86.1639 169.894
86.2077 169.347
86.2309 169.033
86.2706 168.453
86.3064 167.874
86.3407 167.264
86.3717 166.656
86.4016 166.016
86.4287 165.379
86.4548 164.713
86.4785 164.051
86.5015 163.357
86.5225 162.668
86.5427 161.951
86.5613 161.239
86.5792 160.499
86.5957 159.765
86.6117 159.003
86.6265 158.249
86.6408 157.467
86.6541 156.693
86.6669 155.894
86.6789 155.104
86.6905 154.291
86.7013 153.488
86.7118 152.66
86.7216 151.844
86.7249 151.559
86.7342 150.718
86.743 149.891
86.7516 149.037
86.7597 148.198
87.3153 176.817
87.5359 176.533
87.723 176.249
87.9002 175.934
88.0519 175.619
88.1958 175.271
88.2244 151.57
88.2338 150.729
88.2426 149.903
88.2513 149.048
88.2593 148.209
88.3199 174.924
88.4379 174.542
88.5404 174.162
88.638 173.747
88.7233 173.332
88.8047 172.883
88.8763 172.435
88.9445 171.952
89.005 171.47
89.0627 170.953
89.1141 170.438
89.1632 169.888
89.2072 169.34
89.2304 169.026
89.2701 168.445
89.3059 167.866
89.3403 167.254
89.3714 166.646
89.4013 166.005
89.4284 165.367
89.4545 164.7
89.4783 164.037
89.5012 163.343
89.5223 162.653
89.5425 161.935
89.5611 161.222
89.579 160.481
89.5956 159.746
89.6116 158.984
89.6264 158.228
89.6407 157.445
89.654 156.671
89.6668 155.871
89.6788 155.081
89.6904 154.266
89.7012 153.463
89.7117 152.634
89.7215 151.817
89.7244 151.565
89.7338 150.724
89.7426 149.897
89.7512 149.043
89.7593 148.203
