57.7278 3.25612
57.823 3.39816
57.9106 3.54017
57.9914 3.68215
58.0662 3.82408
58.1431 3.98181
58.214 4.13947
58.2798 4.29709
58.3409 4.45464
58.4035 4.62858
58.4616 4.80245
58.5156 4.97623
58.5659 5.14992
58.6135 5.32549
58.658 5.50096
58.6997 5.67633
58.7389 5.8516
58.7518 5.91158
58.7944 6.1191
58.8343 6.32646
58.8715 6.53366
58.9065 6.74069
58.9405 6.955
58.9725 7.16911
59.0026 7.38302
59.031 7.59672
59.0362 7.63775
59.0661 7.8794
59.0943 8.12076
59.1207 8.36184
59.1457 8.60262
59.171 8.86111
59.1949 9.11924
59.2174 9.377
59.2387 9.63438
59.2602 9.90942
59.2806 10.184
59.2998 10.4581
59.3181 10.7317
59.3379 11.0454
59.3554 11.3363
59.3719 11.6266
59.3876 11.9162
59.4025 12.2053
59.4176 12.5112
59.4319 12.8164
59.4456 13.1209
59.4586 13.4246
59.4717 13.7453
59.4842 14.0652
59.4961 14.3841
59.5075 14.7022
59.5189 15.0361
59.5298 15.369
59.5403 15.7009
59.5502 16.0317
59.5603 16.3793
59.5699 16.7256
59.5791 17.0708
59.588 17.4146
59.5969 17.7742
59.6054 18.1324
59.6135 18.4891
59.6213 18.8443
59.6292 19.2155
59.6368 19.5851
59.644 19.9529
59.651 20.319
59.658 20.7011
59.6648 21.0813
59.6712 21.4596
59.6775 21.8359
59.6838 22.228
59.6898 22.618
59.6956 23.0058
59.7012 23.3914
59.7069 23.7924
59.7123 24.1909
59.7176 24.5869
59.7226 24.9805
59.7277 25.3887
59.7326 25.7942
59.7373 26.197
59.7419 26.5969
59.7465 27.0125
59.7509 27.4251
59.7552 27.8345
59.7594 28.241
59.7619 28.4928
59.766 28.9144
59.77 29.3326
59.7739 29.7474
59.7776 30.1588
59.7814 30.5874
59.785 31.0122
59.7886 31.4333
59.792 31.8506
60.5101 28.4854
60.5142 28.9069
60.5182 29.3251
60.5206 7.62675
60.5221 29.7398
60.5259 30.1512
60.5297 30.5797
60.5333 31.0045
60.5369 31.4255
60.5404 31.8428
60.551 7.86816
60.5796 8.10929
60.6065 8.35013
60.6319 8.59068
60.6576 8.84892
60.6818 9.1068
60.7047 9.36431
60.7264 9.62144
60.7483 9.89623
60.769 10.1705
60.7885 10.4444
60.8071 10.7178
60.8273 11.0312
60.845 11.3218
60.8618 11.6118
60.8777 11.9012
60.8929 12.1899
60.9082 12.4956
60.9228 12.8005
60.9366 13.1047
60.9499 13.4082
60.9632 13.7286
60.9759 14.0482
60.988 14.3668
60.9996 14.6846
61.0112 15.0183
61.0223 15.3509
61.0329 15.6825
61.043 16.013
61.0533 16.3603
61.063 16.7064
61.0724 17.0512
61.0814 17.3948
61.0904 17.7541
61.099 18.112
61.1073 18.4684
61.1153 18.8233
61.1233 19.1943
61.131 19.5635
61.1383 19.9311
61.1454 20.2969
61.1525 20.6787
61.1594 21.0587
61.166 21.4366
61.1723 21.8127
61.1787 22.2046
61.1849 22.5943
61.1908 22.9818
61.1965 23.3671
61.2022 23.7678
61.2077 24.1661
61.2131 24.5619
61.2167 5.88945
61.2182 24.9552
61.2234 25.3632
61.2283 25.7684
61.2331 26.1709
61.2378 26.5707
61.2425 26.9861
61.247 27.3984
61.2513 27.8076
61.2556 28.2138
61.2583 28.482
61.2606 6.0964
61.2625 28.9035
61.2665 29.3217
61.2704 29.7364
61.2742 30.1477
61.278 30.5763
61.2817 31.0011
61.2853 31.4221
61.2888 31.8394
61.3016 6.30318
61.3399 6.50981
61.3758 3.22735
61.3759 6.71627
61.4109 6.92998
61.4438 7.14349
61.4747 7.35682
61.4755 3.36848
61.5039 7.56993
61.5672 3.50958
61.6518 3.65064
61.7301 3.79167
61.8106 3.94838
61.8848 4.10504
61.9536 4.26165
62.0062 7.62083
62.0066 28.4827
62.0108 28.9043
62.0149 29.3225
62.0176 4.4182
62.0188 29.7372
62.0226 30.1486
62.0265 30.5772
62.0302 31.002
62.0338 31.423
62.0371 7.86216
62.0373 31.8403
62.0661 8.10321
62.0831 4.59103
62.0934 8.34398
62.1192 8.58445
62.1438 4.76379
62.1453 8.84261
62.1699 9.10041
62.1931 9.35785
62.2003 4.93647
62.2151 9.6149
62.2373 9.88959
62.2529 5.10906
62.2583 10.1638
62.2782 10.4376
62.297 10.7109
62.3026 5.28352
62.3175 11.0242
62.3355 11.3147
62.3491 5.45789
62.3525 11.6046
62.3687 11.8939
62.3841 12.1826
62.3927 5.63215
62.3996 12.4882
62.4144 12.793
62.4285 13.0972
62.4337 5.80632
62.4419 13.4005
62.4554 13.7209
62.4683 14.0403
62.4806 14.3589
62.4923 14.6766
62.5041 15.0102
62.5154 15.3427
62.5261 15.6742
62.5364 16.0046
62.5468 16.3518
62.5567 16.6978
62.5662 17.0426
62.5754 17.386
62.5845 17.7453
62.5933 18.1031
62.6017 18.4594
62.6097 18.8143
62.6179 19.1851
62.6257 19.5543
62.6331 19.9218
62.6403 20.2875
62.6476 20.6693
62.6545 21.0491
62.6612 21.427
62.6676 21.8029
62.6741 22.1948
62.6803 22.5844
62.6863 22.9719
62.6921 23.3571
62.6979 23.7577
62.7035 24.1559
62.7089 24.5516
62.7141 24.9449
62.7194 25.3528
62.7244 25.758
62.7293 26.1604
62.734 26.5601
62.7388 26.9754
62.7434 27.3876
62.7478 27.7968
62.7521 28.203
62.755 28.4875
62.7592 28.9092
62.7633 29.3274
62.7673 29.7423
62.7711 30.1537
62.775 30.5823
62.7788 31.0072
62.7824 31.4283
62.7859 31.8457
63.4932 7.61998
63.5033 28.48
63.5076 28.9016
63.5117 29.3198
63.5157 29.7346
63.5195 30.146
63.5235 30.5746
63.5245 7.86139
63.5273 30.9994
63.5309 31.4205
63.5345 31.8378
63.5539 8.10253
63.5816 8.34338
63.6077 8.58393
63.6341 8.84218
63.6591 9.10007
63.6826 9.35759
63.6863 5.87824
63.7049 9.61473
63.7274 9.88952
63.7312 6.08499
63.7487 10.1638
63.7688 10.4377
63.7732 6.29159
63.7879 10.7111
63.8086 11.0245
63.8125 6.49803
63.8268 11.3151
63.8441 11.6051
63.8494 6.7043
63.8605 11.8945
63.8761 12.1833
63.8852 6.91781
63.8919 12.489
63.9069 12.794
63.9189 7.13114
63.9211 13.0982
63.9347 13.4016
63.9484 13.7221
63.9506 7.34427
63.9614 14.0417
63.9739 14.3603
63.9805 7.55719
63.9858 14.6781
63.9977 15.0118
64.0091 15.3445
64.02 15.676
64.0305 16.0066
64.041 16.3539
64.051 16.7
64.0607 17.0449
64.0699 17.3884
64.0792 17.7478
64.088 18.1057
64.0966 18.4622
64.1047 18.8171
64.113 19.1881
64.1209 19.5573
64.1284 19.9249
64.1357 20.2908
64.143 20.6727
64.1501 21.0526
64.1568 21.4306
64.1634 21.8067
64.1699 22.1986
64.1762 22.5884
64.1823 22.9759
64.1882 23.3613
64.1941 23.762
64.1997 24.1603
64.2052 24.5561
64.2105 24.9495
64.2158 25.3575
64.2209 25.7628
64.2259 26.1654
64.2306 26.5651
64.2354 26.9805
64.2401 27.3929
64.2446 27.8022
64.2489 28.2084
64.2517 28.4766
64.256 28.8982
64.2601 29.3164
64.2642 29.7312
64.268 30.1426
64.272 30.5711
64.2758 30.996
64.2795 31.417
64.2831 31.8343
64.9815 7.6242
65.0002 28.4773
65.0045 28.8989
65.0087 29.3171
65.0127 29.732
65.0132 7.86586
65.0166 30.1434
65.0206 30.572
65.0244 30.9968
65.0281 31.4179
65.0317 31.8353
65.0425 3.21192
65.0429 8.10724
65.071 8.34833
65.0974 8.58912
65.1242 8.84763
65.146 3.35274
65.1494 9.10577
65.1732 9.36355
65.1958 9.62094
65.2185 9.89601
65.2401 10.1706
65.2411 3.49354
65.2605 10.4447
65.2798 10.7184
65.3007 11.0321
65.3192 11.323
65.3289 3.6343
65.3366 11.6133
65.3532 11.903
65.369 12.1921
65.385 12.498
65.4001 12.8033
65.4101 3.77502
65.4145 13.1078
65.4283 13.4115
65.4421 13.7323
65.4553 14.0521
65.4679 14.3711
65.48 14.6892
65.492 15.0232
65.4935 3.9314
65.5036 15.3562
65.5146 15.688
65.5252 16.0189
65.5358 16.3665
65.546 16.7129
65.5557 17.0581
65.565 17.402
65.5705 4.08772
65.5744 17.7616
65.5834 18.1199
65.592 18.4766
65.6003 18.8319
65.6086 19.2032
65.6166 19.5727
65.6242 19.9406
65.6316 20.3068
65.639 20.689
65.6418 4.24399
65.6461 21.0692
65.653 21.4476
65.6596 21.8239
65.6662 22.2162
65.6726 22.6062
65.6787 22.9941
65.6847 23.3797
65.6906 23.7807
65.6964 24.1793
65.7019 24.5754
65.7072 24.9691
65.708 4.40021
65.7126 25.3774
65.7178 25.783
65.7228 26.1858
65.7276 26.5858
65.7325 27.0015
65.7372 27.4141
65.7417 27.8237
65.7461 28.2302
65.7487 28.4821
65.7531 28.9038
65.7573 29.3221
65.7614 29.7369
65.7653 30.1484
65.7693 30.5771
65.7731 31.002
65.7759 4.57268
65.7769 31.4232
65.7805 31.8406
65.8388 4.74507
65.8973 4.91739
65.9519 5.08962
66.0034 5.26371
66.0515 5.43771
66.0967 5.61161
66.1391 5.78541
66.1607 5.87791
66.2066 6.08485
66.2494 6.29164
66.2895 6.49828
66.3271 6.70474
66.3637 6.91846
66.3981 7.13198
66.4304 7.34531
66.4609 7.55844
66.4685 7.61302
66.4972 28.4746
66.5006 7.85444
66.5016 28.8962
66.5058 29.3144
66.5099 29.7293
66.5139 30.1407
66.5179 30.5693
66.5218 30.9942
66.5255 31.4153
66.5291 31.8327
66.5307 8.09558
66.5591 8.33644
66.5859 8.577
66.613 8.83526
66.6386 9.09316
66.6627 9.35068
66.6855 9.60783
66.7086 9.88263
66.7304 10.157
66.7511 10.4309
66.7706 10.7042
66.7919 11.0177
66.8105 11.3083
66.8282 11.5983
66.8451 11.8877
66.8611 12.1765
66.8772 12.4822
66.8925 12.7872
66.9071 13.0914
66.9211 13.3949
66.9351 13.7154
66.9485 14.035
66.9612 14.3537
66.9734 14.6715
66.9856 15.0052
66.9973 15.3378
67.0085 15.6695
67.0192 16
67.03 16.3474
67.0403 16.6935
67.0501 17.0384
67.0596 17.382
67.0691 17.7413
67.0782 18.0993
67.0869 18.4558
67.0953 18.8108
67.1037 19.1817
67.1118 19.551
67.1195 19.9186
67.127 20.2846
67.1345 20.6664
67.1417 21.0464
67.1486 21.4245
67.1553 21.8005
67.162 22.1925
67.1685 22.5823
67.1747 22.9699
67.1807 23.3553
67.1868 23.7561
67.1926 24.1544
67.1982 24.5502
67.2036 24.9436
67.209 25.3517
67.2143 25.757
67.2193 26.1596
67.2242 26.5594
67.2291 26.9749
67.2339 27.3873
67.2385 27.7966
67.2429 28.2029
67.2458 28.4711
67.2502 28.8928
67.2544 29.311
67.2585 29.7258
67.2625 30.1372
67.2666 30.5658
67.2705 30.9907
67.2742 31.4118
67.2779 31.8292
67.9568 7.60692
67.9893 7.84827
67.9944 28.4718
67.9989 28.8934
68.0031 29.3117
68.0073 29.7265
68.0113 30.138
68.0153 30.5667
68.0192 30.9916
68.0198 8.08933
68.023 31.4127
68.0267 31.8301
68.0485 8.33011
68.0756 8.5706
68.103 8.82878
68.1289 9.08659
68.1533 9.34404
68.1764 9.60111
68.1997 9.87583
68.2218 10.1501
68.2427 10.4239
68.2625 10.6972
68.284 11.0105
68.3028 11.3011
68.3207 11.591
68.3378 11.8803
68.3539 12.1691
68.3703 12.4747
68.3858 12.7795
68.4005 13.0837
68.4146 13.3871
68.4288 13.7075
68.4423 14.027
68.4552 14.3456
68.4676 14.6633
68.4799 14.9969
68.4918 15.3295
68.5031 15.661
68.5139 15.9915
68.5248 16.3387
68.5352 16.6848
68.5452 17.0296
68.5547 17.3731
68.5643 17.7324
68.5735 18.0902
68.5823 18.4466
68.5908 18.8015
68.5993 19.1724
68.6075 19.5416
68.6153 19.9092
68.6229 20.275
68.6305 20.6568
68.6378 21.0367
68.6402 5.88851
68.6448 21.4147
68.6515 21.7907
68.6583 22.1826
68.6649 22.5723
68.6711 22.9598
68.6772 23.3451
68.6833 23.7458
68.6869 6.09604
68.6892 24.1441
68.6949 24.5398
68.7003 24.9331
68.7058 25.3411
68.7111 25.7464
68.7162 26.1489
68.7212 26.5487
68.7262 26.9641
68.7294 3.20971
68.7304 6.30341
68.731 27.3764
68.7356 27.7857
68.7401 28.1919
68.7432 28.4765
68.7432 28.4765
68.7476 28.8983
68.7476 28.8983
68.7519 29.3166
68.7561 29.7315
68.7561 29.7315
68.7601 30.143
68.7601 30.143
68.7642 30.5717
68.7681 30.9967
68.7681 30.9967
68.7712 6.51062
68.7719 31.4179
68.7719 31.4179
68.7756 31.8354
68.8094 6.71766
68.8358 3.35083
68.8465 6.93198
68.8815 7.1461
68.9143 7.36003
68.9336 3.49192
68.9453 7.57375
69.0239 3.63298
69.1073 3.774
69.193 3.9307
69.2721 4.08736
69.3454 4.24396
69.4134 4.40051
69.4465 7.60591
69.4793 7.84733
69.4832 4.57335
69.4918 28.469
69.4963 28.8906
69.5006 29.3089
69.5048 29.7238
69.5088 30.1353
69.5101 8.08848
69.5129 30.564
69.5169 30.9889
69.5207 31.41
69.5244 31.8275
69.5392 8.32935
69.5478 4.74611
69.5665 8.56991
69.5943 8.82818
69.6078 4.91878
69.6204 9.08609
69.645 9.34362
69.6638 5.09138
69.6684 9.60078
69.692 9.87559
69.7142 10.1499
69.7166 5.26584
69.7353 10.4238
69.7553 10.6972
69.7661 5.44021
69.777 11.0107
69.7961 11.3013
69.8124 5.61448
69.8142 11.5913
69.8314 11.8808
69.8477 12.1696
69.856 5.78865
69.8642 12.4753
69.8798 12.7803
69.8948 13.0845
69.909 13.388
69.9233 13.7085
69.937 14.0281
69.95 14.3469
69.9624 14.6647
69.975 14.9984
69.9869 15.3311
69.9983 15.6627
70.0092 15.9933
70.0202 16.3407
70.0307 16.6868
70.0408 17.0317
70.0504 17.3753
70.0601 17.7347
70.0694 18.0927
70.0783 18.4492
70.0869 18.8042
70.0955 19.1752
70.1037 19.5446
70.1117 19.9122
70.1193 20.2782
70.1269 20.6601
70.1343 21.0401
70.1414 21.4181
70.1482 21.7943
70.1551 22.1863
70.1617 22.5761
70.168 22.9637
70.1741 23.3491
70.1803 23.75
70.1862 24.1483
70.192 24.5442
70.1975 24.9376
70.203 25.3457
70.2084 25.7511
70.2135 26.1537
70.2185 26.5536
70.2236 26.9691
70.2284 27.3815
70.2331 27.7909
70.2376 28.1972
70.2405 28.4655
70.245 28.8872
70.2494 29.3054
70.2536 29.7203
70.2576 30.1318
70.2618 30.5604
70.2658 30.9854
70.2696 31.4065
70.2733 31.8239
70.9377 7.60998
70.9708 7.85165
70.9894 28.4661
70.9939 28.8878
70.9983 29.3061
71.0019 8.09304
71.0025 29.721
71.0065 30.1325
71.0107 30.5612
71.0147 30.9862
71.0186 31.4074
71.0223 31.8248
71.0311 8.33414
71.0587 8.57496
71.0867 8.83348
71.1131 9.09164
71.1146 5.86591
71.138 9.34943
71.1615 9.60685
71.1622 6.07286
71.1853 9.88193
71.2066 6.27966
71.2078 10.1566
71.229 10.4307
71.2481 6.4863
71.2492 10.7044
71.2711 11.0181
71.2871 6.69277
71.2903 11.309
71.3085 11.5994
71.325 6.90649
71.3259 11.8891
71.3424 12.1782
71.359 12.4842
71.3606 7.12002
71.3748 12.7895
71.3898 13.094
71.3941 7.33336
71.4042 13.3978
71.4186 13.7186
71.4256 7.5465
71.4324 14.0385
71.4455 14.3575
71.4581 14.6756
71.4707 15.0096
71.4827 15.3426
71.4942 15.6746
71.5052 16.0054
71.5163 16.3531
71.5269 16.6996
71.5371 17.0448
71.5468 17.3887
71.5566 17.7485
71.566 18.1067
71.5749 18.4635
71.5835 18.8189
71.5922 19.1902
71.6005 19.5598
71.6085 19.9278
71.6162 20.294
71.6239 20.6763
71.6314 21.0566
71.6385 21.435
71.6454 21.8114
71.6523 22.2037
71.6589 22.5938
71.6654 22.9817
71.6715 23.3674
71.6777 23.7686
71.6837 24.1672
71.6895 24.5634
71.695 24.9571
71.7006 25.3655
71.706 25.7712
71.7112 26.1741
71.7163 26.5742
71.7213 26.99
71.7262 27.4027
71.731 27.8123
71.7355 28.2189
71.7383 28.4709
71.7428 28.8926
71.7472 29.311
71.7514 29.726
71.7555 30.1375
71.7597 30.5663
71.7637 30.9913
71.7676 31.4126
71.7714 31.8301
72.4274 7.59865
72.4377 3.2209
72.4608 7.84008
72.4871 28.4633
72.4917 28.885
72.4922 8.08124
72.4961 29.3033
72.5003 29.7182
72.5044 30.1298
72.5086 30.5585
72.5127 30.9834
72.5166 31.4047
72.5203 31.8221
72.5218 8.32211
72.5462 3.36293
72.5497 8.56269
72.5779 8.82096
72.6046 9.07888
72.6297 9.33642
72.6459 3.50492
72.6534 9.59359
72.6775 9.86841
72.7002 10.1428
72.7217 10.4167
72.7379 3.64688
72.742 10.6901
72.7641 11.0035
72.7835 11.2942
72.802 11.5842
72.8195 11.8737
72.8229 3.78881
72.8361 12.1625
72.8529 12.4683
72.8688 12.7732
72.884 13.0775
72.8985 13.381
72.9102 3.94652
72.9131 13.7015
72.927 14.0212
72.9403 14.3399
72.953 14.6577
72.9657 14.9915
72.9778 15.3242
72.9895 15.6558
72.9908 4.10418
73.0006 15.9864
73.0118 16.3338
73.0225 16.68
73.0327 17.0249
73.0425 17.3686
73.0524 17.728
73.0619 18.086
73.0653 4.26179
73.0709 18.4425
73.0796 18.7976
73.0884 19.1686
73.0968 19.538
73.1049 19.9057
73.1126 20.2716
73.1204 20.6536
73.1279 21.0336
73.1346 4.41933
73.1351 21.4117
73.142 21.7879
73.149 22.1799
73.1558 22.5698
73.1622 22.9574
73.1684 23.3429
73.1747 23.7437
73.1808 24.1421
73.1866 24.5381
73.1922 24.9315
73.1978 25.3397
73.2033 25.7451
73.2056 4.59328
73.2085 26.1478
73.2136 26.5477
73.2187 26.9632
73.2237 27.3757
73.2284 27.7851
73.2331 28.1915
73.236 28.4598
73.2406 28.8815
73.245 29.2998
73.2493 29.7147
73.2534 30.1262
73.2576 30.5549
73.2617 30.9799
73.2656 31.4011
73.2694 31.8186
73.2713 4.76714
73.3324 4.94092
73.3893 5.11462
73.4431 5.2902
73.4934 5.46567
73.5405 5.64106
73.5848 5.81633
73.594 5.85427
73.6424 6.06103
73.6875 6.26764
73.7297 6.47409
73.7692 6.68037
73.8077 6.8939
73.8439 7.10724
73.8779 7.32039
73.91 7.53334
73.9185 7.59242
73.9523 7.83378
73.984 8.07486
73.985 28.4604
73.9896 28.8821
73.9941 29.3005
73.9984 29.7154
74.0025 30.127
74.0067 30.5557
74.0108 30.9807
74.0138 8.31565
74.0147 31.4019
74.0185 31.8194
74.0419 8.55615
74.0704 8.81435
74.0972 9.07218
74.1226 9.32965
74.1465 9.58674
74.1708 9.86148
74.1937 10.1358
74.2153 10.4096
74.2359 10.6829
74.2582 10.9963
74.2778 11.2868
74.2963 11.5768
74.314 11.8662
74.3308 12.1549
74.3477 12.4606
74.3638 12.7655
74.3791 13.0696
74.3937 13.3731
74.4084 13.6935
74.4224 14.013
74.4358 14.3317
74.4486 14.6494
74.4614 14.9831
74.4737 15.3157
74.4854 15.6473
74.4966 15.9778
74.5079 16.3251
74.5187 16.6712
74.529 17.016
74.5389 17.3596
74.5489 17.7189
74.5584 18.0768
74.5675 18.4333
74.5763 18.7883
74.5851 19.1592
74.5936 19.5285
74.6017 19.8961
74.6095 20.262
74.6174 20.6438
74.625 21.0238
74.6322 21.4018
74.6392 21.7779
74.6463 22.1698
74.653 22.5596
74.6595 22.9472
74.6658 23.3326
74.6722 23.7334
74.6782 24.1317
74.6841 24.5276
74.6898 24.9209
74.6955 25.329
74.701 25.7344
74.7062 26.137
74.7114 26.5368
74.7165 26.9523
74.7215 27.3647
74.7263 27.7741
74.731 28.1804
74.7341 28.4651
74.7341 28.4651
74.7387 28.8869
74.7387 28.8869
74.7432 29.3053
74.7432 29.3053
74.7475 29.7203
74.7475 29.7203
74.7517 30.1319
74.7517 30.1319
74.7559 30.5607
74.7559 30.5607
74.76 30.9858
74.76 30.9858
74.7639 31.4071
74.7639 31.4071
74.7677 31.8247
74.7677 31.8247
75.4112 7.59127
75.4451 7.83272
75.477 8.07388
75.4831 28.4575
75.4878 28.8792
75.4922 29.2976
75.4966 29.7126
75.5007 30.1241
75.505 30.5529
75.5071 8.31476
75.5091 30.9779
75.513 31.3992
75.5169 31.8167
75.5354 8.55534
75.5641 8.81363
75.5912 9.07155
75.6167 9.32911
75.6408 9.58628
75.6652 9.86112
75.6883 10.1355
75.7101 10.4094
75.7308 10.6828
75.7532 10.9963
75.7729 11.287
75.7916 11.577
75.8094 11.8665
75.8263 12.1553
75.8434 12.4611
75.8596 12.7661
75.875 13.0704
75.8897 13.3739
75.9045 13.6944
75.9186 14.0141
75.9321 14.3328
75.9449 14.6507
75.9579 14.9845
75.9702 15.3172
75.982 15.6489
75.9933 15.9795
76.0046 16.3269
76.0155 16.6731
76.0259 17.0181
76.0359 17.3617
76.0459 17.7212
76.0555 18.0792
76.0647 18.4358
76.0735 18.7908
76.0788 5.85355
76.0824 19.1619
76.0909 19.5313
76.0991 19.899
76.107 20.265
76.1149 20.647
76.1225 21.0271
76.124 3.19116
76.1277 6.06051
76.1298 21.4052
76.1369 21.7814
76.144 22.1735
76.1508 22.5634
76.1573 22.9511
76.1637 23.3365
76.17 23.7374
76.1733 6.26731
76.1762 24.1359
76.1821 24.5318
76.1878 24.9253
76.1935 25.3335
76.199 25.739
76.2043 26.1417
76.2095 26.5417
76.2147 26.9572
76.216 6.47396
76.2197 27.3697
76.2245 27.7792
76.2292 28.1856
76.2322 28.4539
76.2355 3.33227
76.2369 28.8757
76.2414 29.2941
76.2457 29.709
76.2499 30.1206
76.2541 30.5494
76.256 6.68044
76.2583 30.9744
76.2622 31.3956
76.2661 31.8131
76.295 6.89417
76.3315 7.10771
76.3379 3.47336
76.3659 7.32106
76.3984 7.53421
76.4323 3.61441
76.5197 3.75543
76.6093 3.91213
76.692 4.06879
76.7686 4.22539
76.8397 4.38194
76.9053 7.59523
76.9053 7.59523
76.9125 4.55478
76.9394 7.83692
76.9394 7.83692
76.9715 8.07832
76.9715 8.07832
76.9799 4.72754
76.9814 28.4545
76.9861 28.8763
76.9906 29.2947
76.9949 29.7097
76.9991 30.1213
77.0018 8.31944
77.0018 8.31944
77.0034 30.5501
77.0075 30.9751
77.0115 31.3964
77.0154 31.814
77.0302 8.56027
77.0302 8.56027
77.0426 4.90022
77.0591 8.81881
77.0863 9.07699
77.0863 9.07699
77.101 5.07282
77.112 9.33481
77.112 9.33481
77.1363 9.59224
77.1561 5.24729
77.1608 9.86734
77.184 10.142
77.184 10.142
77.2059 10.4162
77.2059 10.4162
77.2077 5.42166
77.2267 10.6899
77.2267 10.6899
77.2493 11.0036
77.2493 11.0036
77.256 5.59594
77.2691 11.2946
77.2691 11.2946
77.2879 11.5849
77.2879 11.5849
77.3014 5.77011
77.3058 11.8747
77.3058 11.8747
77.3228 12.1638
77.3228 12.1638
77.3399 12.4698
77.3399 12.4698
77.3562 12.7751
77.3562 12.7751
77.3717 13.0797
77.3717 13.0797
77.3865 13.3835
77.3865 13.3835
77.4014 13.7044
77.4014 13.7044
77.4156 14.0243
77.4156 14.0243
77.4291 14.3434
77.4291 14.3434
77.4421 14.6615
77.4421 14.6615
77.4551 14.9956
77.4551 14.9956
77.4675 15.3286
77.4793 15.6606
77.4793 15.6606
77.4907 15.9915
77.5021 16.3393
77.5021 16.3393
77.513 16.6858
77.513 16.6858
77.5235 17.031
77.5335 17.375
77.5335 17.375
77.5436 17.7348
77.5436 17.7348
77.5532 18.0931
77.5532 18.0931
77.5625 18.45
77.5625 18.45
77.5714 18.8054
77.5714 18.8054
77.5803 19.1768
77.5803 19.1768
77.5889 19.5465
77.5889 19.5465
77.5971 19.9145
77.5971 19.9145
77.605 20.2808
77.605 20.2808
77.613 20.6631
77.613 20.6631
77.6206 21.0435
77.6206 21.0435
77.628 21.4219
77.635 21.7984
77.635 21.7984
77.6422 22.1908
77.6422 22.1908
77.649 22.581
77.649 22.581
77.6556 22.969
77.662 23.3548
77.662 23.3548
77.6684 23.7559
77.6684 23.7559
77.6745 24.1547
77.6745 24.1547
77.6805 24.5509
77.6805 24.5509
77.6862 24.9447
77.6862 24.9447
77.6919 25.3532
77.6919 25.3532
77.6975 25.7589
77.6975 25.7589
77.7029 26.1619
77.7029 26.1619
77.708 26.5621
77.708 26.5621
77.7133 26.978
77.7133 26.978
77.7183 27.3908
77.7183 27.3908
77.7232 27.8005
77.7279 28.2072
77.7279 28.2072
77.7307 28.4592
77.7354 28.8811
77.7399 29.2995
77.7442 29.7146
77.7485 30.1263
77.7527 30.5551
77.7569 30.9802
77.7609 31.4016
77.7648 31.8192
78.3979 7.5838
78.4323 7.82525
78.4646 8.06642
78.4799 28.4516
78.4846 28.8734
78.4891 29.2918
78.4935 29.7068
78.4951 8.30731
78.4977 30.1184
78.502 30.5473
78.5061 30.9723
78.5102 31.3936
78.514 31.8112
78.5238 8.5479
78.5528 8.80619
78.5689 5.86381
78.5802 9.06413
78.6061 9.32169
78.6182 6.07136
78.6305 9.57888
78.6552 9.85372
78.6642 6.27874
78.6786 10.1281
78.7007 10.402
78.7072 6.48597
78.7216 10.6755
78.7443 10.989
78.7476 6.69303
78.7643 11.2796
78.7833 11.5697
78.7868 6.90736
78.8012 11.8592
78.8183 12.1481
78.8237 7.1215
78.8356 12.4538
78.852 12.7588
78.8583 7.33545
78.8676 13.0631
78.8825 13.3667
78.891 7.54919
78.8975 13.6872
78.9118 14.0069
78.9254 14.3257
78.9384 14.6436
78.9515 14.9773
78.964 15.3101
78.9759 15.6418
78.9874 15.9724
78.9989 16.3199
79.0099 16.6661
79.0204 17.0111
79.0305 17.3548
79.0406 17.7143
79.0503 18.0723
79.0597 18.4289
79.0686 18.784
79.0776 19.1551
79.0862 19.5245
79.0945 19.8923
79.1024 20.2583
79.1105 20.6403
79.1182 21.0204
79.1256 21.3986
79.1327 21.7748
79.1399 22.1669
79.1468 22.5568
79.1534 22.9446
79.1598 23.3301
79.1662 23.731
79.1724 24.1295
79.1784 24.5255
79.1842 24.9191
79.19 25.3273
79.1956 25.7328
79.201 26.1355
79.2062 26.5355
79.2114 26.9512
79.2165 27.3637
79.2214 27.7732
79.2261 28.1797
79.2292 28.448
79.2339 28.8698
79.2384 29.2883
79.2428 29.7033
79.247 30.1149
79.2513 30.5437
79.2555 30.9688
79.2595 31.3901
79.2634 31.8076
79.8318 3.1749
79.892 7.57747
79.9266 7.81884
79.9454 3.31571
79.9591 8.05994
79.9785 28.4486
79.9833 28.8704
79.9878 29.2889
79.9897 8.30075
79.9922 29.7039
79.9964 30.1156
80.0008 30.5444
80.0049 30.9695
80.009 31.3908
80.0129 31.8084
80.0186 8.54127
80.0478 8.79948
80.0498 3.45649
80.0754 9.05734
80.1014 9.31482
80.1259 9.57193
80.1459 3.59724
80.1508 9.8467
80.1743 10.121
80.1965 10.3948
80.2176 10.6682
80.2348 3.73796
80.2404 10.9816
80.2605 11.2722
80.2795 11.5622
80.2976 11.8516
80.3148 12.1404
80.3261 3.89433
80.3322 12.446
80.3487 12.751
80.3644 13.0552
80.3793 13.3586
80.3944 13.6791
80.4088 13.9987
80.4103 4.05066
80.4225 14.3174
80.4356 14.6352
80.4487 14.9689
80.4613 15.3015
80.4733 15.6331
80.4848 15.9637
80.4882 4.20693
80.4963 16.311
80.5074 16.6572
80.518 17.0021
80.5281 17.3457
80.5383 17.7051
80.5481 18.063
80.5574 18.4196
80.5605 4.36315
80.5664 18.7746
80.5755 19.1456
80.5841 19.5149
80.5924 19.8826
80.6004 20.2485
80.6085 20.6305
80.6162 21.0105
80.6237 21.3886
80.6308 21.7647
80.6346 4.53562
80.638 22.1568
80.645 22.5466
80.6517 22.9343
80.6581 23.3197
80.6646 23.7206
80.6708 24.119
80.6768 24.5149
80.6826 24.9084
80.6884 25.3166
80.694 25.722
80.6995 26.1247
80.7032 4.70802
80.7047 26.5246
80.71 26.9402
80.7151 27.3527
80.72 27.7621
80.7248 28.1685
80.728 28.4533
80.7327 28.8752
80.7373 29.2937
80.7417 29.7088
80.7459 30.1205
80.7503 30.5494
80.7545 30.9746
80.7585 31.396
80.7624 31.8136
80.767 4.88034
80.8264 5.05258
80.8824 5.22668
80.9349 5.40069
80.984 5.5746
81.0301 5.74842
81.0536 5.84092
81.1034 6.04789
81.15 6.2547
81.1935 6.46135
81.2343 6.66784
81.274 6.88158
81.3113 7.09514
81.3463 7.30849
81.3794 7.52165
81.3876 7.57624
81.4223 7.8177
81.455 8.05888
81.4774 28.4456
81.4821 28.8675
81.4858 8.29977
81.4867 29.286
81.4911 29.701
81.4954 30.1127
81.4997 30.5416
81.5039 30.9667
81.5079 31.388
81.5119 31.8057
81.5147 8.54037
81.5441 8.79868
81.5718 9.05662
81.5979 9.3142
81.6226 9.5714
81.6475 9.84625
81.6711 10.1207
81.6934 10.3946
81.7146 10.668
81.7375 10.9815
81.7577 11.2722
81.7768 11.5623
81.795 11.8518
81.8122 12.1407
81.8297 12.4465
81.8462 12.7515
81.862 13.0558
81.877 13.3594
81.8921 13.68
81.9066 13.9996
81.9203 14.3184
81.9335 14.6363
81.9467 14.9702
81.9593 15.3029
81.9713 15.6347
81.9828 15.9653
81.9945 16.3128
82.0056 16.659
82.0162 17.004
82.0264 17.3478
82.0366 17.7073
82.0464 18.0653
82.0558 18.422
82.0648 18.7771
82.0739 19.1482
82.0826 19.5177
82.091 19.8854
82.099 20.2515
82.1071 20.6336
82.1148 21.0137
82.1223 21.3919
82.1295 21.7682
82.1367 22.1603
82.1437 22.5503
82.1504 22.938
82.1568 23.3236
82.1633 23.7246
82.1696 24.1231
82.1756 24.5191
82.1815 24.9127
82.1873 25.321
82.1929 25.7265
82.1984 26.1293
82.2036 26.5294
82.2089 26.945
82.2141 27.3576
82.219 27.7672
82.2238 28.1737
82.2268 28.4421
82.2316 28.8639
82.2362 29.2824
82.2406 29.6975
82.2449 30.1091
82.2492 30.538
82.2534 30.9631
82.2575 31.3844
82.2614 31.8021
82.8847 7.58012
82.9196 7.82182
82.9523 8.06325
82.9764 28.4426
82.9812 28.8645
82.9832 8.30438
82.9857 29.283
82.9902 29.6981
82.9945 30.1098
82.9988 30.5387
83.003 30.9638
83.0071 31.3852
83.011 31.8029
83.0123 8.54523
83.0417 8.80379
83.0695 9.06199
83.0956 9.31982
83.1204 9.57728
83.1454 9.85241
83.1691 10.1271
83.1915 10.4013
83.2127 10.675
83.2357 10.9888
83.2559 11.2798
83.2751 11.5702
83.2933 11.8599
83.3106 12.1491
83.3281 12.4552
83.3447 12.7605
83.3605 13.0651
83.3755 13.369
83.3907 13.6898
83.4052 14.0098
83.419 14.3289
83.4322 14.6471
83.4454 14.9812
83.458 15.3143
83.4701 15.6463
83.4817 15.9773
83.4933 16.3251
83.5044 16.6716
83.5151 17.017
83.5253 17.361
83.5355 17.7208
83.5437 5.82904
83.5454 18.0792
83.5548 18.4361
83.5621 3.17201
83.5638 18.7916
83.5729 19.163
83.5817 19.5328
83.59 19.9009
83.5939 6.03582
83.5981 20.2672
83.6062 20.6496
83.614 21.03
83.6215 21.4085
83.6287 21.7851
83.6359 22.1776
83.6408 6.24244
83.6429 22.5678
83.6496 22.9559
83.6561 23.3418
83.6626 23.743
83.6689 24.1418
83.6749 24.5382
83.6769 3.31312
83.6807 24.932
83.6847 6.4489
83.6866 25.3406
83.6923 25.7464
83.6977 26.1495
83.703 26.5498
83.7083 26.9657
83.7134 27.3786
83.7184 27.7884
83.7232 28.1952
83.7258 6.6552
83.7261 28.4473
83.7261 28.4473
83.7308 28.8693
83.7308 28.8693
83.7354 29.2878
83.7354 29.2878
83.7398 29.703
83.7398 29.703
83.7441 30.1147
83.7441 30.1147
83.7485 30.5437
83.7485 30.5437
83.7527 30.9689
83.7527 30.9689
83.7568 31.3903
83.7568 31.3903
83.7607 31.8081
83.7658 6.86875
83.7823 3.4542
83.8034 7.08212
83.8387 7.29528
83.872 7.50825
83.8794 3.59525
83.9691 3.73627
84.0613 3.89298
84.1462 4.04964
84.2249 4.20624
84.2978 4.36279
84.3725 4.53564
84.3803 7.56862
84.4153 7.81009
84.4417 4.70841
84.4482 8.05128
84.4756 28.4396
84.4792 8.29218
84.4804 28.8615
84.485 29.2801
84.4894 29.6952
84.4937 30.1069
84.4981 30.5358
84.5023 30.961
84.506 4.8811
84.5064 31.3824
84.5084 8.53279
84.5103 31.8001
84.538 8.7911
84.5659 9.04906
84.5659 5.0537
84.5922 9.30664
84.617 9.56385
84.6224 5.22817
84.6422 9.83872
84.6659 10.1131
84.6753 5.40256
84.6884 10.3871
84.7097 10.6606
84.7248 5.57684
84.7328 10.9741
84.7531 11.2648
84.7713 5.75103
84.7723 11.5549
84.7906 11.8444
84.808 12.1333
84.8255 12.4391
84.8422 12.7441
84.8581 13.0485
84.8732 13.352
84.8885 13.6726
84.903 13.9923
84.9168 14.3112
84.9301 14.6291
84.9433 14.9629
84.956 15.2957
84.9682 15.6275
84.9797 15.9581
84.9914 16.3056
85.0026 16.6519
85.0133 16.9969
85.0236 17.3407
85.0339 17.7002
85.0437 18.0583
85.0532 18.415
85.0622 18.7701
85.0714 19.1413
85.0801 19.5108
85.0886 19.8786
85.0966 20.2447
85.1048 20.6268
85.1126 21.0069
85.1201 21.3852
85.1273 21.7615
85.1346 22.1536
85.1416 22.5436
85.1484 22.9315
85.1548 23.3171
85.1614 23.7181
85.1677 24.1166
85.1738 24.5127
85.1796 24.9063
85.1855 25.3146
85.1912 25.7202
85.1966 26.1231
85.2019 26.5232
85.2073 26.9389
85.2124 27.3515
85.2174 27.7611
85.2222 28.1677
85.2253 28.4361
85.23 28.858
85.2346 29.2765
85.2391 29.6916
85.2434 30.1033
85.2478 30.5322
85.252 30.9574
85.2561 31.3788
85.26 31.7965
85.8774 7.56224
85.9126 7.80363
85.9456 8.04474
85.975 28.4366
85.9766 8.28557
85.9798 28.8586
85.9844 29.2771
85.9889 29.6922
85.9932 30.104
85.9975 30.5329
86.0018 30.9581
86.0059 31.3796
86.0059 8.52611
86.0098 31.7972
86.0356 8.78434
86.0393 5.82812
86.0635 9.04221
86.0897 6.03509
86.0899 9.29972
86.1148 9.55685
86.1368 6.24192
86.14 9.83164
86.1639 10.106
86.1809 6.44858
86.1864 10.3798
86.2077 10.6532
86.2221 6.65507
86.2309 10.9666
86.2513 11.2573
86.2623 6.86883
86.2706 11.5473
86.2889 11.8367
86.3 7.08239
86.3064 12.1255
86.3239 12.4312
86.3354 7.29576
86.3407 12.7362
86.3566 13.0405
86.3689 7.50893
86.3717 13.344
86.387 13.6644
86.4016 13.9841
86.4155 14.3028
86.4287 14.6206
86.4421 14.9544
86.4548 15.2871
86.4669 15.6187
86.4785 15.9493
86.4903 16.2968
86.5015 16.6429
86.5122 16.9879
86.5225 17.3316
86.5328 17.691
86.5427 18.049
86.5522 18.4056
86.5613 18.7607
86.5704 19.1317
86.5792 19.5011
86.5876 19.8689
86.5957 20.2349
86.6039 20.6169
86.6117 20.997
86.6192 21.3751
86.6265 21.7513
86.6338 22.1434
86.6408 22.5334
86.6476 22.9211
86.6541 23.3066
86.6606 23.7076
86.6669 24.1061
86.673 24.5021
86.6789 24.8956
86.6848 25.3039
86.6905 25.7094
86.696 26.1122
86.7013 26.5122
86.7066 26.9278
86.7118 27.3404
86.7168 27.75
86.7216 28.1565
86.7249 28.4413
86.7296 28.8633
86.7342 29.2819
86.7387 29.6971
86.743 30.1089
86.7474 30.5379
86.7516 30.9632
86.7557 31.3847
86.7597 31.8024
87.3153 3.18267
87.3761 7.56097
87.4113 7.80244
87.4303 3.32469
87.4443 8.04364
87.4746 28.4336
87.4754 8.28455
87.4794 28.8556
87.484 29.2741
87.4885 29.6893
87.4928 30.101
87.4972 30.53
87.5014 30.9552
87.5048 8.52517
87.5055 31.3767
87.5095 31.7944
87.5345 8.78349
87.5359 3.46669
87.5625 9.04146
87.5889 9.29905
87.6139 9.55627
87.6331 3.60865
87.6391 9.83115
87.663 10.1056
87.6855 10.3795
87.7069 10.653
87.723 3.75058
87.7301 10.9665
87.7505 11.2573
87.7698 11.5474
87.7882 11.8369
87.8057 12.1258
87.8152 3.90829
87.8233 12.4316
87.84 12.7367
87.8559 13.0411
87.8711 13.3447
87.8864 13.6653
87.9002 4.06596
87.901 13.985
87.9149 14.3038
87.9282 14.6218
87.9415 14.9556
87.9543 15.2885
87.9664 15.6202
87.9781 15.9509
87.9789 4.22357
87.9898 16.2984
88.001 16.6447
88.0118 16.9898
88.022 17.3336
88.0324 17.6931
88.0423 18.0513
88.0518 18.4079
88.0519 4.38113
88.0609 18.7632
88.07 19.1343
88.0788 19.5038
88.0873 19.8717
88.0954 20.2378
88.1035 20.6199
88.1114 21.0001
88.1189 21.3784
88.1262 21.7547
88.1266 4.55508
88.1335 22.1469
88.1405 22.537
88.1473 22.9248
88.1538 23.3105
88.1604 23.7115
88.1667 24.1101
88.1728 24.5063
88.1786 24.8999
88.1845 25.3083
88.1902 25.7139
88.1957 26.1168
88.1958 4.72896
88.201 26.5169
88.2064 26.9327
88.2115 27.3454
88.2165 27.755
88.2213 28.1616
88.2244 28.43
88.2292 28.852
88.2338 29.2705
88.2383 29.6857
88.2426 30.0975
88.247 30.5264
88.2513 30.9516
88.2554 31.3731
88.2593 31.7908
88.2601 4.90275
88.3199 5.07646
88.3764 5.25205
88.4292 5.42755
88.4787 5.60295
88.5252 5.77824
88.5404 5.83823
88.5909 6.04579
88.638 6.2532
88.682 6.46044
88.7233 6.66752
88.7635 6.88187
88.8012 7.09604
88.8366 7.31001
88.8701 7.52377
88.8763 7.56481
88.9115 7.80653
88.9445 8.04797
88.9744 28.4306
88.9757 8.28913
88.9792 28.8526
88.9838 29.2712
88.9883 29.6863
88.9926 30.0981
88.997 30.5271
89.0012 30.9524
89.005 8.52999
89.0053 31.3739
89.0093 31.7916
89.0347 8.78857
89.0627 9.04679
89.0891 9.30465
89.1141 9.56212
89.1394 9.83728
89.1632 10.112
89.1858 10.3862
89.2072 10.66
89.2304 10.9738
89.2508 11.2648
89.2701 11.5552
89.2885 11.845
89.3059 12.1342
89.3235 12.4403
89.3403 12.7457
89.3562 13.0503
89.3714 13.3542
89.3867 13.6751
89.4013 13.9951
89.4152 14.3143
89.4284 14.6325
89.4418 14.9667
89.4545 15.2998
89.4667 15.6319
89.4783 15.9629
89.49 16.3107
89.5012 16.6573
89.512 17.0027
89.5223 17.3468
89.5326 17.7067
89.5425 18.0651
89.552 18.4221
89.5611 18.7776
89.5702 19.1491
89.579 19.5189
89.5875 19.8871
89.5956 20.2535
89.6037 20.6359
89.6116 21.0164
89.6191 21.395
89.6264 21.7717
89.6337 22.1642
89.6407 22.5545
89.6475 22.9427
89.654 23.3286
89.6605 23.73
89.6668 24.1289
89.6729 24.5253
89.6788 24.9192
89.6847 25.3279
89.6904 25.7338
89.6959 26.1369
89.7012 26.5373
89.7065 26.9534
89.7117 27.3663
89.7167 27.7762
89.7215 28.1831
89.7244 28.4352
89.7292 28.8573
89.7338 29.276
89.7383 29.6912
89.7426 30.1031
89.747 30.5321
89.7512 30.9574
89.7553 31.379
89.7593 31.7968
