75 148.439 
75 149.283 
75 150.141 
75 150.972 
75 151.817 
75 172.117 
75 172.565 
75 173.013 
75 173.427 
75 173.842 
75 151.817 
75 152.634 
75 153.463 
75 154.267 
75 155.081 
75 155.872 
75 156.672 
75 157.446 
75 158.229 
75 158.984 
75 159.747 
75 160.482 
75 161.223 
75 161.935 
75 162.654 
75 163.343 
75 164.038 
75 164.701 
75 165.368 
75 166.006 
75 166.647 
75 167.255 
75 167.867 
75 168.446 
75 169.027 
75 169.574 
75 170.123 
75 170.637 
75 171.153 
75 171.635 
75 172.117 
75 173.842 
75 174.222 
75 174.603 
75 174.95 
75 175.298 
75 175.613 
75 175.929 
75 176.212 
75 176.497 
76.5 148.439 
76.5 149.283 
76.5 150.141 
76.5 150.972 
76.5 151.817 
78 148.439 
78 149.283 
78 150.141 
78 150.972 
78 151.817 
78 152.634 
78 153.463 
78 154.267 
78 155.081 
78 155.872 
78 156.672 
78 157.446 
78 158.229 
78 158.984 
78 159.747 
78 160.482 
78 161.223 
78 161.935 
78 162.654 
78 163.343 
78 164.038 
78 164.701 
78 165.368 
78 166.006 
78 166.647 
78 167.255 
78 167.867 
78 168.446 
78 169.027 
78 169.574 
78 170.123 
78 170.637 
78 171.153 
78 171.635 
78 172.117 
79.5 148.439 
79.5 149.283 
79.5 150.141 
79.5 150.972 
79.5 151.817 
80 172.117 
80 172.565 
80 173.013 
80 173.427 
80 173.842 
81 148.439 
81 149.283 
81 150.141 
81 150.972 
81 151.817 
81 148.439 
81 149.283 
81 150.141 
81 150.972 
81 151.817 
81 152.634 
81 153.463 
81 154.267 
81 155.081 
81 155.872 
81 156.672 
81 157.446 
81 158.229 
81 158.984 
81 159.747 
81 160.482 
81 161.223 
81 161.935 
81 162.654 
81 163.343 
81 164.038 
81 164.701 
81 165.368 
81 166.006 
81 166.647 
81 167.255 
81 167.867 
81 168.446 
81 169.027 
81 169.574 
81 170.123 
81 170.637 
81 171.153 
81 171.635 
81 172.117 
82.5 148.439 
82.5 149.283 
82.5 150.141 
82.5 150.972 
82.5 151.817 
82.5 173.842 
82.5 174.222 
82.5 174.603 
82.5 174.95 
82.5 175.298 
82.5 175.613 
82.5 175.929 
82.5 176.212 
82.5 176.497 
84 148.439 
84 149.283 
84 150.141 
84 150.972 
84 151.817 
84 152.634 
84 153.463 
84 154.267 
84 155.081 
84 155.872 
84 156.672 
84 157.446 
84 158.229 
84 158.984 
84 159.747 
84 160.482 
84 161.223 
84 161.935 
84 162.654 
84 163.343 
84 164.038 
84 164.701 
84 165.368 
84 166.006 
84 166.647 
84 167.255 
84 167.867 
84 168.446 
84 169.027 
84 169.574 
84 170.123 
84 170.637 
84 171.153 
84 171.635 
84 172.117 
85 172.117 
85 172.565 
85 173.013 
85 173.427 
85 173.842 
85.5 148.439 
85.5 149.283 
85.5 150.141 
85.5 150.972 
85.5 151.817 
87 148.439 
87 149.283 
87 150.141 
87 150.972 
87 151.817 
87 152.634 
87 153.463 
87 154.267 
87 155.081 
87 155.872 
87 156.672 
87 157.446 
87 158.229 
87 158.984 
87 159.747 
87 160.482 
87 161.223 
87 161.935 
87 162.654 
87 163.343 
87 164.038 
87 164.701 
87 165.368 
87 166.006 
87 166.647 
87 167.255 
87 167.867 
87 168.446 
87 169.027 
87 169.574 
87 170.123 
87 170.637 
87 171.153 
87 171.635 
87 172.117 
88.5 148.439 
88.5 149.283 
88.5 150.141 
88.5 150.972 
88.5 151.817 
90 148.439 
90 149.283 
90 150.141 
90 150.972 
90 151.817 
90 152.634 
90 153.463 
90 154.267 
90 155.081 
90 155.872 
90 156.672 
90 157.446 
90 158.229 
90 158.984 
90 159.747 
90 160.482 
90 161.223 
90 161.935 
90 162.654 
90 163.343 
90 164.038 
90 164.701 
90 165.368 
90 166.006 
90 166.647 
90 167.255 
90 167.867 
90 168.446 
90 169.027 
90 169.574 
90 170.123 
90 170.637 
90 171.153 
90 171.635 
90 172.117 
90 148.439 
90 149.283 
90 150.141 
90 150.972 
90 151.817 
90 172.117 
90 172.565 
90 173.013 
90 173.427 
90 173.842 
90 174.222 
90 174.603 
90 174.95 
90 175.298 
90 175.613 
90 175.929 
90 176.212 
90 176.497 
91.5 148.439 
91.5 149.283 
91.5 150.141 
91.5 150.972 
91.5 151.817 
93 148.439 
93 149.283 
93 150.141 
93 150.972 
93 151.817 
93 152.634 
93 153.463 
93 154.267 
93 155.081 
93 155.872 
93 156.672 
93 157.446 
93 158.229 
93 158.984 
93 159.747 
93 160.482 
93 161.223 
93 161.935 
93 162.654 
93 163.343 
93 164.038 
93 164.701 
93 165.368 
93 166.006 
93 166.647 
93 167.255 
93 167.867 
93 168.446 
93 169.027 
93 169.574 
93 170.123 
93 170.637 
93 171.153 
93 171.635 
93 172.117 
93 151.817 
93 152.634 
93 153.463 
93 154.267 
93 155.081 
93 155.872 
93 156.672 
93 157.446 
93 158.229 
93 158.984 
93 159.747 
93 160.482 
93 161.223 
93 161.935 
93 162.654 
93 163.343 
93 164.038 
93 164.701 
93 165.368 
93 166.006 
93 166.647 
93 167.255 
93 167.867 
93 168.446 
93 169.027 
93 169.574 
93 170.123 
93 170.637 
93 171.153 
93 171.635 
93 172.117 
94.5 148.439 
94.5 149.283 
94.5 150.141 
94.5 150.972 
94.5 151.817 
95 172.117 
95 172.565 
95 173.013 
95 173.427 
95 173.842 
96 148.439 
96 149.283 
96 150.141 
96 150.972 
96 151.817 
96 152.634 
96 153.463 
96 154.267 
96 155.081 
96 155.872 
96 156.672 
96 157.446 
96 158.229 
96 158.984 
96 159.747 
96 160.482 
96 161.223 
96 161.935 
96 162.654 
96 163.343 
96 164.038 
96 164.701 
96 165.368 
96 166.006 
96 166.647 
96 167.255 
96 167.867 
96 168.446 
96 169.027 
96 169.574 
96 170.123 
96 170.637 
96 171.153 
96 171.635 
96 172.117 
97.5 173.842 
97.5 174.222 
97.5 174.603 
97.5 174.95 
97.5 175.298 
97.5 175.613 
97.5 175.929 
97.5 176.212 
97.5 176.497 
97.5 148.439 
97.5 149.283 
97.5 150.141 
97.5 150.972 
97.5 151.817 
99 148.439 
99 149.283 
99 150.141 
99 150.972 
99 151.817 
99 148.439 
99 149.283 
99 150.141 
99 150.972 
99 151.817 
99 152.634 
99 153.463 
99 154.267 
99 155.081 
99 155.872 
99 156.672 
99 157.446 
99 158.229 
99 158.984 
99 159.747 
99 160.482 
99 161.223 
99 161.935 
99 162.654 
99 163.343 
99 164.038 
99 164.701 
99 165.368 
99 166.006 
99 166.647 
99 167.255 
99 167.867 
99 168.446 
99 169.027 
99 169.574 
99 170.123 
99 170.637 
99 171.153 
99 171.635 
99 172.117 
100 172.117 
100 172.565 
100 173.013 
100 173.427 
100 173.842 
100.5 148.439 
100.5 149.283 
100.5 150.141 
100.5 150.972 
100.5 151.817 
102 148.439 
102 149.283 
102 150.141 
102 150.972 
102 151.817 
102 152.634 
102 153.463 
102 154.267 
102 155.081 
102 155.872 
102 156.672 
102 157.446 
102 158.229 
102 158.984 
102 159.747 
102 160.482 
102 161.223 
102 161.935 
102 162.654 
102 163.343 
102 164.038 
102 164.701 
102 165.368 
102 166.006 
102 166.647 
102 167.255 
102 167.867 
102 168.446 
102 169.027 
102 169.574 
102 170.123 
102 170.637 
102 171.153 
102 171.635 
102 172.117 
103.5 148.439 
103.5 149.283 
103.5 150.141 
103.5 150.972 
103.5 151.817 
105 148.439 
105 149.283 
105 150.141 
105 150.972 
105 151.817 
105 152.634 
105 153.463 
105 154.267 
105 155.081 
105 155.872 
105 156.672 
105 157.446 
105 158.229 
105 158.984 
105 159.747 
105 160.482 
105 161.223 
105 161.935 
105 162.654 
105 163.343 
105 164.038 
105 164.701 
105 165.368 
105 166.006 
105 166.647 
105 167.255 
105 167.867 
105 168.446 
105 169.027 
105 169.574 
105 170.123 
105 170.637 
105 171.153 
105 171.635 
105 172.117 
105 172.565 
105 173.013 
105 173.427 
105 173.842 
105 174.222 
105 174.603 
105 174.95 
105 175.298 
105 175.613 
105 175.929 
105 176.212 
105 176.497 
