57.7278 3.25612 
57.9106 3.54017 
58.0662 3.82408 
58.214 4.13947 
58.3409 4.45464 
58.4616 4.80245 
58.5659 5.14992 
58.658 5.50096 
58.7389 5.8516 
58.7518 5.91158 
58.8343 6.32646 
58.9065 6.74069 
58.9725 7.16911 
59.031 7.59672 
59.0362 7.63775 
59.0943 8.12076 
59.1457 8.60262 
59.1949 9.11924 
59.2387 9.63438 
59.2806 10.184 
59.3181 10.7317 
59.3379 11.0454 
59.3719 11.6266 
59.4025 12.2053 
59.4319 12.8164 
59.4586 13.4246 
59.4842 14.0652 
59.5075 14.7022 
59.5298 15.369 
59.5502 16.0317 
59.5699 16.7256 
59.588 17.4146 
59.6054 18.1324 
59.6213 18.8443 
59.6368 19.5851 
59.651 20.319 
59.6648 21.0813 
59.6775 21.8359 
59.6898 22.618 
59.7012 23.3914 
59.7123 24.1909 
59.7226 24.9805 
59.7326 25.7942 
59.7419 26.5969 
59.7509 27.4251 
59.7594 28.241 
59.7619 28.4928 
59.77 29.3326 
59.7776 30.1588 
59.785 31.0122 
59.792 31.8506 
61.2584 28.4902 
61.2666 29.33 
61.2743 30.1563 
61.2818 31.0097 
61.2889 31.8481 
62.0075 7.63107 
62.0674 8.11409 
62.1204 8.59597 
62.171 9.1126 
62.2162 9.62775 
62.2593 10.1774 
62.298 10.7252 
62.3184 11.0389 
62.3534 11.62 
62.3849 12.1988 
62.4152 12.8099 
62.4427 13.4182 
62.469 14.0588 
62.493 14.6958 
62.516 15.3627 
62.5371 16.0254 
62.5574 16.7194 
62.5759 17.4084 
62.5938 18.1262 
62.6103 18.8382 
62.6262 19.579 
62.6408 20.313 
62.655 21.0754 
62.6681 21.83 
62.6808 22.6122 
62.6925 23.3856 
62.7039 24.1852 
62.7145 24.9748 
62.7248 25.7887 
62.7344 26.5915 
62.7437 27.4197 
62.7524 28.2356 
62.755 28.4875 
62.7633 29.3274 
62.7711 30.1537 
62.7788 31.0072 
62.7859 31.8457 
63.6912 5.90029 
63.7778 6.31518 
63.8537 6.72942 
63.923 7.15785 
63.9844 7.58548 
64.2518 28.4848 
64.2602 29.3248 
64.2681 30.1511 
64.2759 31.0046 
64.2831 31.8431 
64.9815 7.6242 
65.0429 8.10724 
65.0631 3.23904 
65.0974 8.58912 
65.1494 9.10577 
65.1958 9.62094 
65.2401 10.1706 
65.2601 3.52307 
65.2798 10.7184 
65.3007 11.0321 
65.3366 11.6133 
65.369 12.1921 
65.4001 12.8033 
65.4277 3.80697 
65.4283 13.4115 
65.4553 14.0521 
65.48 14.6892 
65.5036 15.3562 
65.5252 16.0189 
65.546 16.7129 
65.565 17.402 
65.5834 18.1199 
65.5867 4.12234 
65.6003 18.8319 
65.6166 19.5727 
65.6316 20.3068 
65.6461 21.0692 
65.6596 21.8239 
65.6726 22.6062 
65.6847 23.3797 
65.6964 24.1793 
65.7072 24.9691 
65.7178 25.783 
65.7232 4.4375 
65.7276 26.5858 
65.7372 27.4141 
65.7461 28.2302 
65.7487 28.4821 
65.7573 29.3221 
65.7653 30.1484 
65.7731 31.002 
65.7805 31.8406 
65.8529 4.78531 
65.965 5.13278 
66.0638 5.48382 
66.1507 5.83447 
67.2459 28.4793 
67.2545 29.3193 
67.2626 30.1457 
67.2705 30.9994 
67.278 31.838 
67.9582 7.61716 
68.0211 8.10021 
68.0768 8.58211 
68.1301 9.09878 
68.1775 9.61397 
68.2229 10.1637 
68.2635 10.7115 
68.2849 11.0252 
68.3217 11.6064 
68.3548 12.1852 
68.3866 12.7964 
68.4154 13.4047 
68.4431 14.0454 
68.4683 14.6825 
68.4925 15.3495 
68.5145 16.0122 
68.5358 16.7063 
68.5553 17.3954 
68.5741 18.1134 
68.5914 18.8255 
68.608 19.5664 
68.6234 20.3005 
68.6383 21.063 
68.6402 5.88851 
68.652 21.8177 
68.6653 22.6001 
68.6777 23.3736 
68.6896 24.1733 
68.7007 24.9631 
68.7115 25.7771 
68.7216 26.5801 
68.7304 6.30341 
68.7313 27.4085 
68.7404 28.2246 
68.7432 28.4765 
68.7432 28.4765 
68.7519 29.3166 
68.7601 30.143 
68.7601 30.143 
68.7681 30.9967 
68.7681 30.9967 
68.7756 31.8354 
68.8094 6.71766 
68.8815 7.1461 
68.9453 7.57375 
70.2406 28.4737 
70.2495 29.3138 
70.2577 30.1403 
70.2658 30.994 
70.2734 31.8327 
70.9377 7.60998 
71.0019 8.09304 
71.0587 8.57496 
71.1131 9.09164 
71.1615 9.60685 
71.2078 10.1566 
71.2492 10.7044 
71.2711 11.0181 
71.3085 11.5994 
71.3424 12.1782 
71.3748 12.7895 
71.4042 13.3978 
71.4324 14.0385 
71.4581 14.6756 
71.4827 15.3426 
71.5052 16.0054 
71.5269 16.6996 
71.5468 17.3887 
71.566 18.1067 
71.5835 18.8189 
71.6005 19.5598 
71.6162 20.294 
71.6314 21.0566 
71.6454 21.8114 
71.6589 22.5938 
71.6715 23.3674 
71.6837 24.1672 
71.695 24.9571 
71.706 25.7712 
71.7163 26.5742 
71.7262 27.4027 
71.7355 28.2189 
71.7383 28.4709 
71.7472 29.311 
71.7555 30.1375 
71.7637 30.9913 
71.7714 31.8301 
72.4377 3.2209 
72.6459 3.50492 
72.8229 3.78881 
72.9908 4.10418 
73.1346 4.41933 
73.2361 28.468 
73.2451 29.3082 
73.2535 30.1347 
73.2618 30.9886 
73.2695 31.8274 
73.2713 4.76714 
73.3893 5.11462 
73.4934 5.46567 
73.5848 5.81633 
73.5994 5.87632 
73.6924 6.29123 
73.7739 6.7055 
73.8482 7.13396 
73.9141 7.56162 
73.92 7.60266 
73.9853 8.08574 
74.0432 8.56767 
74.0985 9.08437 
74.1477 9.5996 
74.1948 10.1493 
74.2369 10.6972 
74.2592 11.0109 
74.2973 11.5922 
74.3317 12.1711 
74.3646 12.7824 
74.3945 13.3907 
74.4232 14.0314 
74.4493 14.6686 
74.4744 15.3357 
74.4973 15.9985 
74.5193 16.6927 
74.5395 17.3819 
74.559 18.1 
74.5769 18.8122 
74.5941 19.5532 
74.6101 20.2875 
74.6255 21.0501 
74.6397 21.8049 
74.6535 22.5874 
74.6663 23.3611 
74.6787 24.161 
74.6902 24.9509 
74.7014 25.7651 
74.7118 26.5682 
74.7219 27.3968 
74.7313 28.2131 
74.7341 28.4651 
74.7341 28.4651 
74.7432 29.3053 
74.7432 29.3053 
74.7517 30.1319 
74.7517 30.1319 
74.76 30.9858 
74.76 30.9858 
74.7677 31.8247 
74.7677 31.8247 
76.2323 28.4622 
76.2415 29.3024 
76.25 30.1291 
76.2583 30.983 
76.2662 31.8219 
76.9053 7.59523 
76.9053 7.59523 
76.9715 8.07832 
76.9715 8.07832 
77.0302 8.56027 
77.0302 8.56027 
77.0863 9.07699 
77.0863 9.07699 
77.1363 9.59224 
77.184 10.142 
77.184 10.142 
77.2267 10.6899 
77.2267 10.6899 
77.2493 11.0036 
77.2493 11.0036 
77.2879 11.5849 
77.2879 11.5849 
77.3228 12.1638 
77.3228 12.1638 
77.3562 12.7751 
77.3562 12.7751 
77.3865 13.3835 
77.3865 13.3835 
77.4156 14.0243 
77.4156 14.0243 
77.4421 14.6615 
77.4421 14.6615 
77.4675 15.3286 
77.4907 15.9915 
77.513 16.6858 
77.513 16.6858 
77.5335 17.375 
77.5335 17.375 
77.5532 18.0931 
77.5532 18.0931 
77.5714 18.8054 
77.5714 18.8054 
77.5889 19.5465 
77.5889 19.5465 
77.605 20.2808 
77.605 20.2808 
77.6206 21.0435 
77.6206 21.0435 
77.635 21.7984 
77.635 21.7984 
77.649 22.581 
77.649 22.581 
77.662 23.3548 
77.662 23.3548 
77.6745 24.1547 
77.6745 24.1547 
77.6862 24.9447 
77.6862 24.9447 
77.6975 25.7589 
77.6975 25.7589 
77.708 26.5621 
77.708 26.5621 
77.7183 27.3908 
77.7183 27.3908 
77.7279 28.2072 
77.7279 28.2072 
77.7307 28.4592 
77.7399 29.2995 
77.7485 30.1263 
77.7569 30.9802 
77.7648 31.8192 
78.5689 5.86381 
78.6642 6.27874 
78.7476 6.69303 
78.8237 7.1215 
78.891 7.54919 
79.2293 28.4563 
79.2385 29.2966 
79.2471 30.1234 
79.2556 30.9774 
79.2635 31.8164 
79.8544 3.20201 
79.8935 7.58771 
79.9605 8.07082 
80.0199 8.55278 
80.0706 3.48602 
80.0766 9.06953 
80.1271 9.58479 
80.1754 10.1346 
80.2186 10.6825 
80.2415 10.9963 
80.2541 3.76991 
80.2805 11.5776 
80.3158 12.1565 
80.3496 12.7679 
80.3802 13.3763 
80.4096 14.0171 
80.4281 4.08528 
80.4363 14.6544 
80.462 15.3215 
80.4855 15.9844 
80.5081 16.6787 
80.5288 17.368 
80.5487 18.0862 
80.567 18.7985 
80.577 4.40044 
80.5847 19.5396 
80.601 20.274 
80.6168 21.0368 
80.6313 21.7918 
80.6455 22.5744 
80.6586 23.3483 
80.6712 24.1483 
80.683 24.9384 
80.6945 25.7527 
80.7051 26.556 
80.7155 27.3847 
80.7185 4.74825 
80.7251 28.2012 
80.728 28.4533 
80.7373 29.2937 
80.7459 30.1205 
80.7545 30.9746 
80.7624 31.8136 
80.8406 5.09574 
80.9482 5.44681 
81.0427 5.79748 
82.2269 28.4503 
82.2363 29.2908 
82.245 30.1176 
82.2535 30.9717 
82.2615 31.8109 
82.8847 7.58012 
82.9523 8.06325 
83.0123 8.54523 
83.0695 9.06199 
83.1204 9.57728 
83.1691 10.1271 
83.2127 10.675 
83.2357 10.9888 
83.2751 11.5702 
83.3106 12.1491 
83.3447 12.7605 
83.3755 13.369 
83.4052 14.0098 
83.4322 14.6471 
83.458 15.3143 
83.4817 15.9773 
83.5044 16.6716 
83.5253 17.361 
83.5454 18.0792 
83.5492 5.85109 
83.5638 18.7916 
83.5817 19.5328 
83.5981 20.2672 
83.614 21.03 
83.6287 21.7851 
83.6429 22.5678 
83.646 6.26603 
83.6561 23.3418 
83.6689 24.1418 
83.6807 24.932 
83.6923 25.7464 
83.703 26.5498 
83.7134 27.3786 
83.7232 28.1952 
83.7261 28.4473 
83.7261 28.4473 
83.7307 6.68034 
83.7354 29.2878 
83.7354 29.2878 
83.7441 30.1147 
83.7441 30.1147 
83.7527 30.9689 
83.7527 30.9689 
83.7607 31.8081 
83.8079 7.10883 
83.8763 7.53654 
85.2254 28.4443 
85.2347 29.2849 
85.2435 30.1118 
85.2521 30.966 
85.2601 31.8052 
85.8789 7.57248 
85.947 8.05562 
86.0073 8.53762 
86.0648 9.0544 
86.116 9.56971 
86.165 10.1195 
86.2088 10.6675 
86.232 10.9813 
86.2716 11.5627 
86.3073 12.1417 
86.3416 12.7531 
86.3726 13.3616 
86.4024 14.0025 
86.4295 14.6398 
86.4555 15.3071 
86.4793 15.9701 
86.5022 16.6645 
86.5231 17.3539 
86.5433 18.0722 
86.5619 18.7846 
86.5798 19.5259 
86.5963 20.2604 
86.6123 21.0232 
86.627 21.7784 
86.6413 22.5612 
86.6546 23.3352 
86.6674 24.1354 
86.6793 24.9256 
86.6909 25.7401 
86.7017 26.5436 
86.7122 27.3725 
86.7219 28.1892 
86.7249 28.4413 
86.7342 29.2819 
86.743 30.1089 
86.7516 30.9632 
86.7597 31.8024 
87.3153 3.18267 
87.5359 3.46669 
87.723 3.75058 
87.9002 4.06596 
88.0519 4.38113 
88.1958 4.72896 
88.2245 28.4383 
88.2339 29.2789 
88.2427 30.106 
88.2513 30.9603 
88.2594 31.7996 
88.3199 5.07646 
88.4292 5.42755 
88.5252 5.77824 
88.5404 5.83823 
88.638 6.2532 
88.7233 6.66752 
88.8012 7.09604 
88.8701 7.52377 
88.8763 7.56481 
88.9445 8.04797 
89.005 8.52999 
89.0627 9.04679 
89.1141 9.56212 
89.1632 10.112 
89.2072 10.66 
89.2304 10.9738 
89.2701 11.5552 
89.3059 12.1342 
89.3403 12.7457 
89.3714 13.3542 
89.4013 13.9951 
89.4284 14.6325 
89.4545 15.2998 
89.4783 15.9629 
89.5012 16.6573 
89.5223 17.3468 
89.5425 18.0651 
89.5611 18.7776 
89.579 19.5189 
89.5956 20.2535 
89.6116 21.0164 
89.6264 21.7717 
89.6407 22.5545 
89.654 23.3286 
89.6668 24.1289 
89.6788 24.9192 
89.6904 25.7338 
89.7012 26.5373 
89.7117 27.3663 
89.7215 28.1831 
89.7244 28.4352 
89.7338 29.276 
89.7426 30.1031 
89.7512 30.9574 
89.7593 31.7968 
